130
499
566
567
569
570
572
573
589
599
601
609
632
661
665
670
675
679
685
687
702
707
712
715
716
717
722
727
728
754
782
784
793
796
798
808
810
819
823
825
834
837
848
852
858
861
870
872
900
908
911
926
933
934
935
940
942
945
950
974
977
982
983
984
987
994
999
1002
1003
1004
1005
1006
1008
1010
1013
1035
1045
1047
1050
1057
1059
1061
1062
1072
1078
1081
1085
1088
1089
1098
1102
1109
1114
1124
1125
1126
1133
1135
1147
1151
1160
1170
1177
1178
1179
1180
1185
1191
1207
1211
1213
1216
1219
1223
1225
1227
1228
1235
1236
1237
1243
1245
1247
1248
1252
1253
1254
1258
1261
1270
1278
1279
1281
1288
1297
1304
1309
1311
1313
1318
1319
1322
1325
1332
1336
1348
1352
1354
1355
1358
1361
1374
1393
1396
1400
1402
1404
1406
1407
1412
1414
1418
1420
1429
1433
